00000000000000000000000000000
00000000000000000000000000000
00000000000000000000000000000
00000000000000000000000000000
00000000001110001110000000000
00000000000000000000000000000
00000000100001010000100000000
00000000100001010000100000000
00000000100001010000100000000
00000000001110001110000000000
00000000000000000000000000000
00000000001110001110000000000
00000000100001010000100000000
00000000100001010000100000000
00000000100001010000100000000
00000000000000000000000000000
00000000001110001110000000000
00000000000000000000000000000
00000000000000000000000000000
00000000000000000000000000000
